defaultLatitude: -41.276058
defaultLongitude: 174.7788987